89.5726719999
89.2383040282
88.8676973916
87.9029566621
89.0273057854
88.8151612185
89.5208230735
89.3818227465
89.4716794896
89.5570406087
89.6734309522
88.910455897
89.4894099567
88.8199818192
89.2927906072
89.401196386
89.4037424905
89.4765002564
89.2918630607
90.0314944526
89.7249519945
91.0350351472
91.4456753098
90.7332876683
90.9508016753
91.3452137913
91.2672905572
90.8063890536
91.3937975371
91.9543819526
91.5828584444
90.8970620494
90.7097601977
92.7334491189
91.9576707246
92.4600593675
92.6952766409
90.8506686729
91.2564032598
91.3259572234
92.0335137721
91.9014417245
91.6781064311
91.9550079316
91.686372752
91.6102593843
91.8071886155
93.0137984741
92.6672249523
92.5138824708
92.5445816026
91.4169982629
92.5156967091
92.5561144668
92.8211758921
92.3511539197
92.3928040859
92.5997891491
93.2105864675
93.6262902009
94.2300216353
94.0460534274
94.2755187593
93.0303132202
93.4545111351
92.9532794998
93.2816130381
93.2151268889
93.1530541866
93.9920917372
94.5471675331
93.8738364123
94.5828410453
94.169962723
94.791558541
94.293127433
94.130027913
94.0746155823
94.044720884
94.1701815303
94.2269084962
94.8904485681
94.6442148827
94.9530787023
95.2744839196
94.933369068
95.2304378081
95.1657716837
94.7462722089
95.0386639983
96.1238555673
97.6291530517
97.5443555208
97.6683774191
97.5564409276
98.288915571
98.356747428
98.9069318262
97.2039339636
97.4485863537
97.7171228375
97.3388054095
97.9252710183
97.9926268193
97.8972958381
97.124295797
97.1938376216
98.3432359605
98.6076857035
97.9409050786
98.4966947277
97.9285880717
97.928217212
97.7293828901
98.2362690051
98.7821250532
98.2269306669
98.1474962974
98.5427852182
97.7063111615
97.3593168995
97.0717760036
97.2620086703
97.0249207873
97.4313802661
97.0970243733
97.3551970803
96.9487617928
96.9985741786
97.1378768644
97.3642750959
96.5788530323
96.1346024624
96.5200679458
96.7883573254
96.7839562902
97.0243911196
97.1139363928
97.0811747296
97.023533211
97.1814017209
97.4111669071
97.0524073233
101.138807069
101.782171097
102.215329646
102.521541944
101.02530763
100.547392196
100.528173539
100.918445063
100.451770735
100.135819639
100.391459772
100.913965385
100.757568074
101.384869693
100.948897321
100.952254592
101.555422927
102.536652983
102.739168836
104.148499806
103.193859052
103.502627932
103.546863237
103.855472514
104.29222824
103.540518334
102.170431878
102.182716334
102.711357327
103.440127285
103.361409692
103.521051917
105.11535667
104.764722269
104.704954757
104.036642728
104.042595184
104.086583299
105.158714949
105.237432705
105.238844696
105.810179463
106.765079016
106.410709126
106.446310285
106.783179831
106.560199025
106.965749419
105.83268363
106.400998479
106.363514723
106.60684506
107.70955666
107.658418982
107.091815602
107.206530885
108.449889205
108.867276848
108.164289294
108.384947744
107.218618184
107.673048312
107.696595421
107.496309762
107.713476834
107.477046651
107.466530067
105.951211058
103.516281603
103.35941643
105.198935159
104.837598419
106.830323707
105.248936084
103.274733882
104.01035923
104.667109008
105.973667566
106.642464191
106.667109436
106.304723172
105.408553969
105.58964546
106.535738914
107.395225653
107.263033903
106.791831243
107.587066561
107.87180725
107.117656021
107.243267453
106.240387079
106.153730048
106.921282295
105.269466849
103.709754674
104.693051148
104.467999701
103.667919555
102.765772003
102.444546344
103.540798721
101.441070713
102.406391615
102.107315728
103.129009186
103.95509791
104.238001168
103.232654436
104.039127414
104.063371741
105.104792514
104.97584004
104.298304615
104.457541892
104.981980674
104.281728585
104.957611764
103.884986445
104.477158172
105.606338694
105.567467356
105.006073852
105.934526812
103.68295238
104.305591238
103.461809675
103.661618758
104.417633962
103.732983927
104.300194339
105.347473862
105.704545209
105.224745306
105.82469053
106.271951955
106.089859042
105.964210291
106.8839272
107.320766135
107.043943437
106.356450984
107.408755865
107.326734714
107.865548185
107.480631521
106.822563467
106.644874806
106.958716835
106.374915897
105.205057689
105.578191051
104.557415885
103.54234596
104.142719857
104.300493317
105.819117065
105.625831909
105.551492318
105.996715538
105.72755679
106.270947933
105.712269751
104.552943176
104.859428236
104.765911097
104.743118932
104.904352118
105.285203593
105.436522494
105.26424078
105.535849861
105.259880729
104.615084722
104.991898708
105.166251314
105.686627994
105.396879541
103.984476988
104.770657167
104.438413743
104.477000021
104.641330597
104.935659235
105.819841041
105.335804309
105.069888592
104.849019921
106.110949665
106.235807864
108.150791141
108.305219604
109.150926617
108.528672399
109.82124616
110.606088453
110.335393988
110.23724387
110.065438898
109.96265456
109.031634875
109.188457598
109.93791727
109.793443053
109.9733827
110.071852322
110.705881532
110.413327346
110.237534254
109.997099962
109.696469858
109.649997865
110.348233114
110.31943087
109.865850735
108.83175908
107.936337224
107.777773136
107.271138498
107.875835708
108.311499768
108.708764165
108.689085814
109.614129239
