89.6318616237
89.1288116529
88.6799314787
87.6968783316
89.1700265219
88.7785601637
89.6597750273
89.3536046305
89.5175010878
89.5601689357
89.6826528224
88.7337216931
89.5411352046
88.6850976708
89.3586817866
89.4310439313
89.4182435448
89.478790179
89.2462215023
90.2245777228
89.5912743643
91.36693269
91.4916138064
90.5765677873
90.958151272
91.4265336196
91.2091049949
90.6196058821
91.5813575537
92.0089884179
91.4908764951
90.7585230088
90.6574957129
93.1634718637
91.7632398092
92.5921287036
92.719856917
90.4550918643
91.2812503247
91.3580920354
92.1956023508
91.7578345115
91.7618141145
91.9825076026
91.6057568905
91.6336970755
91.7879151327
93.2946058163
92.5486594163
92.5010761782
92.5311066971
91.150691334
92.7227913242
92.5482809521
92.8937994181
92.1781984871
92.4802439791
92.6069252429
93.3195056847
93.7533489125
94.3032767981
94.0167636159
94.2923500812
92.7406679779
93.4933954735
92.8085705287
93.3284267251
93.1804443544
93.1649460015
94.196987214
94.6623319797
93.7661562141
94.6806090592
94.0969780375
94.8668588899
94.1416837797
94.1037204535
94.0059388711
94.0272983053
94.2169683375
94.20044778
95.0785791877
94.5512271923
95.0466181433
95.3200221215
94.8490107568
95.2529352965
95.1346932114
94.6418695092
95.0448998911
96.4075212329
97.9441130088
97.5107049439
97.7168900753
97.4921542054
98.3993481325
98.3004255114
98.9885074784
96.7687299643
97.4622355673
97.7759693233
97.2300904888
98.0428663382
98.0200519782
97.9049573736
96.8885255755
97.2957816118
98.5306484567
98.6434977878
97.8053613643
98.6101998192
97.8031272485
97.8824217847
97.6786413786
98.3434052693
98.8554285998
98.1101664902
98.1612789716
98.5887776999
97.5296161946
97.2315951092
97.0159191481
97.2885948245
96.9409955525
97.5718032422
97.0321907499
97.4055505146
96.8796691496
97.0077275501
97.1468951873
97.4026389575
96.4044061795
96.0046617377
96.6337544919
96.8205172222
96.788941919
97.0859633065
97.1531656487
97.0432100777
97.0196455135
97.2078638708
97.4174959004
96.9548121792
102.111979545
101.91815541
102.310927708
102.554357804
100.691595878
100.266284087
100.445235569
101.017110223
100.150069542
100.174610755
100.477497762
101.030534119
100.755567302
101.532540424
100.829780076
100.910960205
101.694469744
102.731964174
102.750716203
104.453192902
102.993667153
103.505945576
103.524718718
103.890239313
104.29807324
103.345791505
101.879232595
102.102784946
102.887795824
103.555251511
103.360089219
103.595441203
105.483117444
104.679544012
104.681948667
103.833569785
104.00268594
104.010391178
105.404692316
105.253395273
105.195997135
105.986325119
106.964099029
106.305119654
106.399626155
106.850184766
106.421994034
107.02489386
105.567958327
106.503627811
106.303054723
106.70068954
107.929516667
107.656330102
106.972123245
107.172791047
108.775613044
108.859314588
107.994227496
108.42673772
106.917122569
107.736995994
107.682837458
107.45933594
107.699046903
107.470774036
107.486315041
105.562144106
103.024452087
103.267004381
105.639241871
104.781863631
107.348344222
104.998217849
102.878954855
104.14021222
104.883915546
106.179562259
106.722216351
106.833228788
106.120800825
105.249315017
105.618809328
106.635569707
107.558763953
107.214195734
106.702288993
107.760058224
107.921769023
106.905345556
107.231797271
105.994662742
106.081244471
107.084546459
104.937274034
103.324021523
104.947974541
104.475174848
103.441849904
102.635120034
102.43841449
103.733610003
101.030453878
102.699597952
101.990772893
103.425353583
104.125931766
104.371625854
102.995217108
104.153993678
104.129398619
105.205298692
104.957176748
104.113950653
104.466192187
105.068881905
104.142193039
105.030099636
103.674266797
104.577228428
105.844910578
105.601320636
104.836318222
106.137357111
103.210779163
104.346779928
103.30104634
103.695814427
104.518419927
103.662095588
104.472136797
105.528823982
105.90552951
105.001572925
106.000991154
106.326881056
105.969641606
105.921484862
107.075195435
107.369639517
106.942499922
106.233463469
107.596435577
107.265554482
107.966603091
107.380828612
106.652804111
106.565057493
107.023265841
106.240032784
104.884482927
105.712927252
104.307296931
103.326738392
104.304634151
104.385854159
106.148434038
105.632342946
105.619751333
106.019208456
105.692864597
106.344584335
105.508805218
104.303434683
104.847627928
104.77831409
104.720684226
104.936250838
105.429814399
105.446854426
105.238528321
105.619623362
105.146297196
104.441526294
105.061043471
105.195947817
105.777445095
105.335238136
103.693769766
104.918081059
104.361086969
104.481080207
104.637322952
105.057607364
105.989056906
105.230577107
105.056636785
104.715429672
106.409773817
106.209000696
108.591038906
108.327928311
109.325570864
108.352008506
110.079747851
110.708764362
110.160068016
110.200209284
109.9343961
109.935104214
108.722114464
109.270170049
110.036318872
109.764400856
110.030990262
110.109142333
110.853467799
110.293754408
110.220599982
109.887539507
109.591966332
109.6197986
110.493348552
110.318519366
109.74221296
108.626065966
107.721866012
107.718372408
107.144923887
108.027467166
108.418337122
108.861188519
108.707878538
109.864063444
