89.8609134543
89.4545904568
88.9337580656
87.8863792471
88.8555718811
88.7492744
89.5092222616
89.4086767797
89.5662177624
89.6298919718
89.7799453771
88.9539769581
89.409080499
88.7546273388
89.1992786118
89.3567645943
89.4209582566
89.4698579334
89.314799701
90.0936105838
89.7410052365
91.1627081688
91.5736721228
90.9144293266
91.0323558143
91.4379281332
91.3144574659
90.7778161817
91.4234338622
91.9072257582
91.631692356
90.9521069375
90.666814196
92.6934426903
92.0357072036
92.6074443725
92.7674162512
90.8985974538
91.1425204131
91.261451065
91.9687785174
91.7613229448
91.7671410766
91.9306976668
91.7074126643
91.6817085092
91.7701702956
93.0343660448
92.7158310252
92.627355558
92.587112713
91.4030957457
92.4346253904
92.5268360252
92.8454952645
92.2905107151
92.4522315735
92.5737545773
93.2535462058
93.7554426255
94.3251886633
94.192434164
94.4037417463
93.0998560146
93.4030353203
92.8342322608
93.1564984283
93.086691644
93.108466818
93.9841554198
94.645073561
94.0522860279
94.665062471
94.2692418356
94.822322224
94.3064546692
94.144482789
93.9609715785
93.9732904333
94.137679278
94.1807204018
94.9286816376
94.6714192222
95.0499995353
95.3491289987
95.0189384344
95.2494659505
95.1886600001
94.7344110898
94.9571798969
96.1656144192
97.7654792151
97.8088251025
97.9833773428
97.7659816557
98.4579985276
98.4931953616
99.0380170606
97.1824279829
97.3297830475
97.6040282572
97.2726803247
97.8596304484
97.9880426864
97.9235537809
97.0839650483
97.2436414213
98.2747636616
98.6395763613
98.0212567344
98.5343225929
97.9496319152
97.9128356893
97.7065229519
98.1960467227
98.7148674511
98.2614276731
98.1949932426
98.5275559419
97.7136905733
97.2661764078
96.9447828704
97.0913386944
96.8566609171
97.3837693729
97.0511508069
97.3253445625
96.9539822951
96.9953247934
97.0899240404
97.3437974984
96.5418892864
96.022690933
96.4157952177
96.6945454042
96.7620199776
97.0360244272
97.1496861535
97.1016502257
97.0877190018
97.2190191526
97.3955408112
97.0406179789
101.308950334
102.201296589
102.813424272
103.043995609
101.448223131
100.582020715
100.471525424
100.803640978
100.092827508
100.009133463
100.282493886
100.897146313
100.860913955
101.511529362
101.01142002
100.969718989
101.59932817
102.626548531
102.863774184
104.366513394
103.44860705
103.665914483
103.664477121
103.955801628
104.291111977
103.562758878
102.096919847
101.935962084
102.578995016
103.336529115
103.374264957
103.589172491
105.244477916
105.011199647
104.966221049
104.124603467
104.006244109
103.944585884
105.145634409
105.269035706
105.273035557
105.941027313
106.960754614
106.635131285
106.605861544
106.886415529
106.556093559
106.98750035
105.830450129
106.316673668
106.240817154
106.625111666
107.738123907
107.801451693
107.217082005
107.240834688
108.578150757
108.953376565
108.30426575
108.45082631
107.163814297
107.576674063
107.620968549
107.438271972
107.560188138
107.448848553
107.455006967
105.847749947
103.304323864
102.865993064
104.784280781
104.623751021
106.848752315
105.397907177
103.334497449
103.897242366
104.689075016
105.910764853
106.660488452
106.925692551
106.388968119
105.586648639
105.661796585
106.451535678
107.385913302
107.324444752
106.8811327
107.670586094
108.011667466
107.228031376
107.253790993
106.140763822
105.953673247
106.776322496
105.181757126
103.427725608
104.39012198
104.273597307
103.459226844
102.602340474
102.217342933
103.257244384
101.333743156
102.314600719
101.88238692
103.096602574
104.004313676
104.506194223
103.370129425
104.099077862
104.199901408
105.146953335
105.100118144
104.351397082
104.417147373
104.980199617
104.334439414
104.910558697
103.851790856
104.382053989
105.587870053
105.730691559
105.077167927
106.01054965
103.712530043
104.158532083
103.318202649
103.47235798
104.166202818
103.717949187
104.295059378
105.374988103
105.988485044
105.352161296
106.014563867
106.374586019
106.15969271
106.036596282
106.937376488
107.364252142
107.145708212
106.470851891
107.415499243
107.342574386
107.954910989
107.552364893
106.819025906
106.539000196
106.893678253
106.300046156
105.007660434
105.385208264
104.306992197
103.294681898
103.892752891
104.131215353
105.731801833
105.75778646
105.782626101
106.079675292
105.896623918
106.359680395
105.710024338
104.481153006
104.615663295
104.618311343
104.611059932
104.810167316
105.289126506
105.44026349
105.349882268
105.64036178
105.269148612
104.567407515
104.906526963
105.089687127
105.643339887
105.416726903
103.976174514
104.653317252
104.356084407
104.420108923
104.536157316
104.932551962
105.820019652
105.457901222
105.214276855
104.808420125
106.135999213
106.277290684
108.349879348
108.569754613
109.496683343
108.828960189
110.134251833
110.850327393
110.537973488
110.387878297
110.077984973
109.970552893
108.92395413
109.12092379
109.767574211
109.743996756
110.000275265
110.138244579
110.795685255
110.488820364
110.351719386
109.966804904
109.607927577
109.536047949
110.272312724
110.299310586
109.844188417
108.789161757
107.773607547
107.5239393
106.997125466
107.632397516
108.140475731
108.716513029
108.775138108
109.809895681
