89.029999
88.629997
87.830002
88.790001
88.720001
89.389999
89.279999
89.440002
89.510002
89.639999
88.900002
89.349998
88.800003
89.230003
89.370003
89.400002
89.440002
89.300003
90.010002
89.629997
90.940002
91.220001
90.639999
90.82
91.220001
91.120003
90.669998
91.330002
91.730003
91.510002
90.93
90.709999
92.559998
91.870003
92.400002
92.519997
90.889999
91.25
91.360001
91.959999
91.720001
91.790001
91.900002
91.709999
91.699997
91.730003
92.879997
92.529999
92.489998
92.470001
91.440002
92.449997
92.480003
92.75
92.239998
92.459999
92.550003
93.150002
93.559998
94.010002
93.919998
94.139999
93.010002
93.370003
92.889999
93.220001
93.160004
93.18
93.959999
94.480003
93.910004
94.459999
94.120003
94.639999
94.190002
94.089996
93.959999
94.019997
94.18
94.18
94.860001
94.57
94.940002
95.18
94.879997
95.120003
95.080002
94.699997
94.940002
96.040001
97.379997
97.339996
97.519997
97.360001
98.059998
98.110001
98.629997
97.010002
97.330002
97.650002
97.330002
97.870003
97.940002
97.889999
97.139999
97.349998
98.209999
98.489998
97.919998
98.410004
97.900002
97.910004
97.739998
98.169998
98.620003
98.209999
98.18
98.470001
97.75
97.379997
97.129997
97.269997
97.050003
97.519997
97.150002
97.389999
97.040001
97.059998
97.129997
97.339996
96.610001
96.18
96.580002
96.779999
96.809998
97.019997
97.099998
97.050003
97.050003
97.150002
97.300003
97.0
100.830002
101.379997
101.879997
102.129997
100.809998
100.25
100.32
100.699997
100.07
100.18
100.419998
100.940002
100.849998
101.370003
100.879997
100.889999
101.489998
102.360001
102.529999
103.879997
103.029999
103.309998
103.379997
103.669998
104.0
103.389999
102.18
102.150002
102.790001
103.370003
103.339996
103.510002
104.980003
104.690002
104.650002
103.910004
103.910004
103.93
105.040001
105.080002
105.080002
105.739998
106.610001
106.279999
106.279999
106.589996
106.330002
106.809998
105.779999
106.300003
106.25
106.620003
107.57
107.559998
107.050003
107.120003
108.360001
108.599998
108.040001
108.239998
107.139999
107.639999
107.669998
107.480003
107.599998
107.529999
107.529999
106.059998
103.870003
103.580002
105.32
104.980003
106.870003
105.389999
103.580002
104.209999
104.839996
105.790001
106.370003
106.620003
106.120003
105.529999
105.620003
106.300003
107.139999
107.059998
106.709999
107.480003
107.769997
107.050003
107.129997
106.18
106.120003
106.900002
105.400002
103.879997
104.860001
104.669998
103.849998
103.080002
102.709999
103.620003
101.800003
102.669998
102.150002
103.25
103.940002
104.269997
103.199997
103.93
104.050003
104.839996
104.809998
104.150002
104.330002
104.879997
104.290001
104.809998
103.879997
104.419998
105.5
105.540001
104.919998
105.82
103.760002
104.279999
103.550003
103.690002
104.309998
103.870003
104.370003
105.260002
105.760002
105.080002
105.760002
106.059998
105.889999
105.849998
106.68
107.059998
106.889999
106.339996
107.230003
107.169998
107.739998
107.360001
106.75
106.599998
106.959999
106.400002
105.25
105.690002
104.68
103.809998
104.349998
104.459999
105.809998
105.699997
105.660004
105.889999
105.75
106.160004
105.559998
104.550003
104.769997
104.82
104.779999
104.93
105.330002
105.410004
105.32
105.559998
105.190002
104.610001
104.970001
105.120003
105.599998
105.370003
104.089996
104.779999
104.489998
104.529999
104.599998
104.949997
105.709999
105.339996
105.129997
104.760002
106.019997
106.07
107.910004
108.010002
108.860001
108.300003
109.550003
110.190002
109.93
109.940002
109.75
109.800003
108.910004
109.199997
109.760002
109.739998
109.970001
110.059998
110.639999
110.330002
110.239998
109.900002
109.639999
109.629997
110.290001
110.269997
109.849998
108.949997
108.089996
107.919998
107.43
107.980003
108.349998
108.800003
108.769997
109.650002
109.970001
